dist[0][0] = 1
[0]->[0]
dist[0][1] = 9
[0]->[0]
dist[0][2] = 9
[0]->[0]
dist[0][3] = 9
[0]->[0]
dist[0][4] = 9
[0]->[0]
dist[0][5] = 9
[0]->[0]
dist[0][6] = 9
[0]->[0]
dist[0][7] = 9
[0]->[0]
dist[0][8] = 9
[0]->[0]
dist[0][9] = 9
[0]->[0]
dist[0][10] = 9
[0]->[0]
dist[0][11] = 9
[0]->[0]
dist[0][12] = 9
[0]->[0]
dist[0][13] = 9
[0]->[0]
dist[0][14] = 9
[0]->[0]
dist[0][15] = 9
[[1, 9, 9, 9, 9, 9, 9, 9, 9, 9, 9, 9, 9, 9, 9, 9], [0, 0, 0, 0, 0, 0, 0, 0, 0, 0, 0, 0, 0, 0, 0, 0], [0, 0, 0, 0, 0, 0, 0, 0, 0, 0, 0, 0, 0, 0, 0, 0], [0, 0, 0, 0, 0, 0, 0, 0, 0, 0, 0, 0, 0, 0, 0, 0], [0, 0, 0, 0, 0, 0, 0, 0, 0, 0, 0, 0, 0, 0, 0, 0], [0, 0, 0, 0, 0, 0, 0, 0, 0, 0, 0, 0, 0, 0, 0, 0], [0, 0, 0, 0, 0, 0, 0, 0, 0, 0, 0, 0, 0, 0, 0, 0], [0, 0, 0, 0, 0, 0, 0, 0, 0, 0, 0, 0, 0, 0, 0, 0], [0, 0, 0, 0, 0, 0, 0, 0, 0, 0, 0, 0, 0, 0, 0, 0], [0, 0, 0, 0, 0, 0, 0, 0, 0, 0, 0, 0, 0, 0, 0, 0], [0, 0, 0, 0, 0, 0, 0, 0, 0, 0, 0, 0, 0, 0, 0, 0], [0, 0, 0, 0, 0, 0, 0, 0, 0, 0, 0, 0, 0, 0, 0, 0], [0, 0, 0, 0, 0, 0, 0, 0, 0, 0, 0, 0, 0, 0, 0, 0], [0, 0, 0, 0, 0, 0, 0, 0, 0, 0, 0, 0, 0, 0, 0, 0], [0, 0, 0, 0, 0, 0, 0, 0, 0, 0, 0, 0, 0, 0, 0, 0], [0, 0, 0, 0, 0, 0, 0, 0, 0, 0, 0, 0, 0, 0, 0, 0]]
[2, 15, 14, 9]->[1, 12, 6, 3]
[2, 15, 14, 9]->[10, 14, 13, 1]
[2, 15, 14, 9]->[4, 15, 1, 7]
[2, 15, 14, 9]->[8, 1, 11, 5]
dist[1][0] = 9
[2, 15, 14, 9]->[1, 12, 6, 3]
i (1) in vertices[2]
dist[1][1] = 2
dist[1][2] = 1
[2, 15, 14, 9]->[1, 12, 6, 3]
i (3) in vertices[2]
dist[1][3] = 2
[2, 15, 14, 9]->[1, 12, 6, 3]
[2, 15, 14, 9]->[10, 14, 13, 1]
[2, 15, 14, 9]->[4, 15, 1, 7]
i (4) in vertices[14]
dist[1][4] = 2
[2, 15, 14, 9]->[1, 12, 6, 3]
[2, 15, 14, 9]->[10, 14, 13, 1]
[2, 15, 14, 9]->[4, 15, 1, 7]
[2, 15, 14, 9]->[8, 1, 11, 5]
i (5) in vertices[9]
dist[1][5] = 2
[2, 15, 14, 9]->[1, 12, 6, 3]
i (6) in vertices[2]
dist[1][6] = 2
[2, 15, 14, 9]->[1, 12, 6, 3]
[2, 15, 14, 9]->[10, 14, 13, 1]
[2, 15, 14, 9]->[4, 15, 1, 7]
i (7) in vertices[14]
dist[1][7] = 2
[2, 15, 14, 9]->[1, 12, 6, 3]
[2, 15, 14, 9]->[10, 14, 13, 1]
[2, 15, 14, 9]->[4, 15, 1, 7]
[2, 15, 14, 9]->[8, 1, 11, 5]
i (8) in vertices[9]
dist[1][8] = 2
dist[1][9] = 1
[2, 15, 14, 9]->[1, 12, 6, 3]
[2, 15, 14, 9]->[10, 14, 13, 1]
i (10) in vertices[15]
dist[1][10] = 2
[2, 15, 14, 9]->[1, 12, 6, 3]
[2, 15, 14, 9]->[10, 14, 13, 1]
[2, 15, 14, 9]->[4, 15, 1, 7]
[2, 15, 14, 9]->[8, 1, 11, 5]
i (11) in vertices[9]
dist[1][11] = 2
[2, 15, 14, 9]->[1, 12, 6, 3]
i (12) in vertices[2]
dist[1][12] = 2
[2, 15, 14, 9]->[1, 12, 6, 3]
[2, 15, 14, 9]->[10, 14, 13, 1]
i (13) in vertices[15]
dist[1][13] = 2
dist[1][14] = 1
dist[1][15] = 1
[[1, 9, 9, 9, 9, 9, 9, 9, 9, 9, 9, 9, 9, 9, 9, 9], [9, 2, 1, 2, 2, 2, 2, 2, 2, 1, 2, 2, 2, 2, 1, 1], [0, 0, 0, 0, 0, 0, 0, 0, 0, 0, 0, 0, 0, 0, 0, 0], [0, 0, 0, 0, 0, 0, 0, 0, 0, 0, 0, 0, 0, 0, 0, 0], [0, 0, 0, 0, 0, 0, 0, 0, 0, 0, 0, 0, 0, 0, 0, 0], [0, 0, 0, 0, 0, 0, 0, 0, 0, 0, 0, 0, 0, 0, 0, 0], [0, 0, 0, 0, 0, 0, 0, 0, 0, 0, 0, 0, 0, 0, 0, 0], [0, 0, 0, 0, 0, 0, 0, 0, 0, 0, 0, 0, 0, 0, 0, 0], [0, 0, 0, 0, 0, 0, 0, 0, 0, 0, 0, 0, 0, 0, 0, 0], [0, 0, 0, 0, 0, 0, 0, 0, 0, 0, 0, 0, 0, 0, 0, 0], [0, 0, 0, 0, 0, 0, 0, 0, 0, 0, 0, 0, 0, 0, 0, 0], [0, 0, 0, 0, 0, 0, 0, 0, 0, 0, 0, 0, 0, 0, 0, 0], [0, 0, 0, 0, 0, 0, 0, 0, 0, 0, 0, 0, 0, 0, 0, 0], [0, 0, 0, 0, 0, 0, 0, 0, 0, 0, 0, 0, 0, 0, 0, 0], [0, 0, 0, 0, 0, 0, 0, 0, 0, 0, 0, 0, 0, 0, 0, 0], [0, 0, 0, 0, 0, 0, 0, 0, 0, 0, 0, 0, 0, 0, 0, 0]]
[1, 12, 6, 3]->[2, 15, 14, 9]
[1, 12, 6, 3]->[2, 4, 10, 11]
[1, 12, 6, 3]->[5, 2, 10, 7]
[1, 12, 6, 3]->[2, 4, 8, 13]
dist[2][0] = 9
dist[2][1] = 1
[1, 12, 6, 3]->[2, 15, 14, 9]
i (2) in vertices[1]
dist[2][2] = 2
dist[2][3] = 1
[1, 12, 6, 3]->[2, 15, 14, 9]
[1, 12, 6, 3]->[2, 4, 10, 11]
i (4) in vertices[12]
dist[2][4] = 2
[1, 12, 6, 3]->[2, 15, 14, 9]
[1, 12, 6, 3]->[2, 4, 10, 11]
[1, 12, 6, 3]->[5, 2, 10, 7]
i (5) in vertices[6]
dist[2][5] = 2
dist[2][6] = 1
[1, 12, 6, 3]->[2, 15, 14, 9]
[1, 12, 6, 3]->[2, 4, 10, 11]
[1, 12, 6, 3]->[5, 2, 10, 7]
i (7) in vertices[6]
dist[2][7] = 2
[1, 12, 6, 3]->[2, 15, 14, 9]
[1, 12, 6, 3]->[2, 4, 10, 11]
[1, 12, 6, 3]->[5, 2, 10, 7]
[1, 12, 6, 3]->[2, 4, 8, 13]
i (8) in vertices[3]
dist[2][8] = 2
[1, 12, 6, 3]->[2, 15, 14, 9]
i (9) in vertices[1]
dist[2][9] = 2
[1, 12, 6, 3]->[2, 15, 14, 9]
[1, 12, 6, 3]->[2, 4, 10, 11]
i (10) in vertices[12]
dist[2][10] = 2
[1, 12, 6, 3]->[2, 15, 14, 9]
[1, 12, 6, 3]->[2, 4, 10, 11]
i (11) in vertices[12]
dist[2][11] = 2
dist[2][12] = 1
[1, 12, 6, 3]->[2, 15, 14, 9]
[1, 12, 6, 3]->[2, 4, 10, 11]
[1, 12, 6, 3]->[5, 2, 10, 7]
[1, 12, 6, 3]->[2, 4, 8, 13]
i (13) in vertices[3]
dist[2][13] = 2
[1, 12, 6, 3]->[2, 15, 14, 9]
i (14) in vertices[1]
dist[2][14] = 2
[1, 12, 6, 3]->[2, 15, 14, 9]
i (15) in vertices[1]
dist[2][15] = 2
[[1, 9, 9, 9, 9, 9, 9, 9, 9, 9, 9, 9, 9, 9, 9, 9], [9, 2, 1, 2, 2, 2, 2, 2, 2, 1, 2, 2, 2, 2, 1, 1], [9, 1, 2, 1, 2, 2, 1, 2, 2, 2, 2, 2, 1, 2, 2, 2], [0, 0, 0, 0, 0, 0, 0, 0, 0, 0, 0, 0, 0, 0, 0, 0], [0, 0, 0, 0, 0, 0, 0, 0, 0, 0, 0, 0, 0, 0, 0, 0], [0, 0, 0, 0, 0, 0, 0, 0, 0, 0, 0, 0, 0, 0, 0, 0], [0, 0, 0, 0, 0, 0, 0, 0, 0, 0, 0, 0, 0, 0, 0, 0], [0, 0, 0, 0, 0, 0, 0, 0, 0, 0, 0, 0, 0, 0, 0, 0], [0, 0, 0, 0, 0, 0, 0, 0, 0, 0, 0, 0, 0, 0, 0, 0], [0, 0, 0, 0, 0, 0, 0, 0, 0, 0, 0, 0, 0, 0, 0, 0], [0, 0, 0, 0, 0, 0, 0, 0, 0, 0, 0, 0, 0, 0, 0, 0], [0, 0, 0, 0, 0, 0, 0, 0, 0, 0, 0, 0, 0, 0, 0, 0], [0, 0, 0, 0, 0, 0, 0, 0, 0, 0, 0, 0, 0, 0, 0, 0], [0, 0, 0, 0, 0, 0, 0, 0, 0, 0, 0, 0, 0, 0, 0, 0], [0, 0, 0, 0, 0, 0, 0, 0, 0, 0, 0, 0, 0, 0, 0, 0], [0, 0, 0, 0, 0, 0, 0, 0, 0, 0, 0, 0, 0, 0, 0, 0]]
[2, 4, 8, 13]->[1, 12, 6, 3]
[2, 4, 8, 13]->[3, 12, 14, 5]
[2, 4, 8, 13]->[7, 10, 3, 9]
[2, 4, 8, 13]->[3, 5, 15, 11]
dist[3][0] = 9
[2, 4, 8, 13]->[1, 12, 6, 3]
i (1) in vertices[2]
dist[3][1] = 2
dist[3][2] = 1
[2, 4, 8, 13]->[1, 12, 6, 3]
i (3) in vertices[2]
dist[3][3] = 2
dist[3][4] = 1
[2, 4, 8, 13]->[1, 12, 6, 3]
[2, 4, 8, 13]->[3, 12, 14, 5]
i (5) in vertices[4]
dist[3][5] = 2
[2, 4, 8, 13]->[1, 12, 6, 3]
i (6) in vertices[2]
dist[3][6] = 2
[2, 4, 8, 13]->[1, 12, 6, 3]
[2, 4, 8, 13]->[3, 12, 14, 5]
[2, 4, 8, 13]->[7, 10, 3, 9]
i (7) in vertices[8]
dist[3][7] = 2
dist[3][8] = 1
[2, 4, 8, 13]->[1, 12, 6, 3]
[2, 4, 8, 13]->[3, 12, 14, 5]
[2, 4, 8, 13]->[7, 10, 3, 9]
i (9) in vertices[8]
dist[3][9] = 2
[2, 4, 8, 13]->[1, 12, 6, 3]
[2, 4, 8, 13]->[3, 12, 14, 5]
[2, 4, 8, 13]->[7, 10, 3, 9]
i (10) in vertices[8]
dist[3][10] = 2
[2, 4, 8, 13]->[1, 12, 6, 3]
[2, 4, 8, 13]->[3, 12, 14, 5]
[2, 4, 8, 13]->[7, 10, 3, 9]
[2, 4, 8, 13]->[3, 5, 15, 11]
i (11) in vertices[13]
dist[3][11] = 2
[2, 4, 8, 13]->[1, 12, 6, 3]
i (12) in vertices[2]
dist[3][12] = 2
dist[3][13] = 1
[2, 4, 8, 13]->[1, 12, 6, 3]
[2, 4, 8, 13]->[3, 12, 14, 5]
i (14) in vertices[4]
dist[3][14] = 2
[2, 4, 8, 13]->[1, 12, 6, 3]
[2, 4, 8, 13]->[3, 12, 14, 5]
[2, 4, 8, 13]->[7, 10, 3, 9]
[2, 4, 8, 13]->[3, 5, 15, 11]
i (15) in vertices[13]
dist[3][15] = 2
[[1, 9, 9, 9, 9, 9, 9, 9, 9, 9, 9, 9, 9, 9, 9, 9], [9, 2, 1, 2, 2, 2, 2, 2, 2, 1, 2, 2, 2, 2, 1, 1], [9, 1, 2, 1, 2, 2, 1, 2, 2, 2, 2, 2, 1, 2, 2, 2], [9, 2, 1, 2, 1, 2, 2, 2, 1, 2, 2, 2, 2, 1, 2, 2], [0, 0, 0, 0, 0, 0, 0, 0, 0, 0, 0, 0, 0, 0, 0, 0], [0, 0, 0, 0, 0, 0, 0, 0, 0, 0, 0, 0, 0, 0, 0, 0], [0, 0, 0, 0, 0, 0, 0, 0, 0, 0, 0, 0, 0, 0, 0, 0], [0, 0, 0, 0, 0, 0, 0, 0, 0, 0, 0, 0, 0, 0, 0, 0], [0, 0, 0, 0, 0, 0, 0, 0, 0, 0, 0, 0, 0, 0, 0, 0], [0, 0, 0, 0, 0, 0, 0, 0, 0, 0, 0, 0, 0, 0, 0, 0], [0, 0, 0, 0, 0, 0, 0, 0, 0, 0, 0, 0, 0, 0, 0, 0], [0, 0, 0, 0, 0, 0, 0, 0, 0, 0, 0, 0, 0, 0, 0, 0], [0, 0, 0, 0, 0, 0, 0, 0, 0, 0, 0, 0, 0, 0, 0, 0], [0, 0, 0, 0, 0, 0, 0, 0, 0, 0, 0, 0, 0, 0, 0, 0], [0, 0, 0, 0, 0, 0, 0, 0, 0, 0, 0, 0, 0, 0, 0, 0], [0, 0, 0, 0, 0, 0, 0, 0, 0, 0, 0, 0, 0, 0, 0, 0]]
[3, 12, 14, 5]->[2, 4, 8, 13]
[3, 12, 14, 5]->[2, 4, 10, 11]
[3, 12, 14, 5]->[4, 15, 1, 7]
[3, 12, 14, 5]->[4, 13, 9, 6]
dist[4][0] = 9
[3, 12, 14, 5]->[2, 4, 8, 13]
[3, 12, 14, 5]->[2, 4, 10, 11]
[3, 12, 14, 5]->[4, 15, 1, 7]
i (1) in vertices[14]
dist[4][1] = 2
[3, 12, 14, 5]->[2, 4, 8, 13]
i (2) in vertices[3]
dist[4][2] = 2
dist[4][3] = 1
[3, 12, 14, 5]->[2, 4, 8, 13]
i (4) in vertices[3]
dist[4][4] = 2
dist[4][5] = 1
[3, 12, 14, 5]->[2, 4, 8, 13]
[3, 12, 14, 5]->[2, 4, 10, 11]
[3, 12, 14, 5]->[4, 15, 1, 7]
[3, 12, 14, 5]->[4, 13, 9, 6]
i (6) in vertices[5]
dist[4][6] = 2
[3, 12, 14, 5]->[2, 4, 8, 13]
[3, 12, 14, 5]->[2, 4, 10, 11]
[3, 12, 14, 5]->[4, 15, 1, 7]
i (7) in vertices[14]
dist[4][7] = 2
[3, 12, 14, 5]->[2, 4, 8, 13]
i (8) in vertices[3]
dist[4][8] = 2
[3, 12, 14, 5]->[2, 4, 8, 13]
[3, 12, 14, 5]->[2, 4, 10, 11]
[3, 12, 14, 5]->[4, 15, 1, 7]
[3, 12, 14, 5]->[4, 13, 9, 6]
i (9) in vertices[5]
dist[4][9] = 2
[3, 12, 14, 5]->[2, 4, 8, 13]
[3, 12, 14, 5]->[2, 4, 10, 11]
i (10) in vertices[12]
dist[4][10] = 2
[3, 12, 14, 5]->[2, 4, 8, 13]
[3, 12, 14, 5]->[2, 4, 10, 11]
i (11) in vertices[12]
dist[4][11] = 2
dist[4][12] = 1
[3, 12, 14, 5]->[2, 4, 8, 13]
i (13) in vertices[3]
dist[4][13] = 2
dist[4][14] = 1
[3, 12, 14, 5]->[2, 4, 8, 13]
[3, 12, 14, 5]->[2, 4, 10, 11]
[3, 12, 14, 5]->[4, 15, 1, 7]
i (15) in vertices[14]
dist[4][15] = 2
[[1, 9, 9, 9, 9, 9, 9, 9, 9, 9, 9, 9, 9, 9, 9, 9], [9, 2, 1, 2, 2, 2, 2, 2, 2, 1, 2, 2, 2, 2, 1, 1], [9, 1, 2, 1, 2, 2, 1, 2, 2, 2, 2, 2, 1, 2, 2, 2], [9, 2, 1, 2, 1, 2, 2, 2, 1, 2, 2, 2, 2, 1, 2, 2], [9, 2, 2, 1, 2, 1, 2, 2, 2, 2, 2, 2, 1, 2, 1, 2], [0, 0, 0, 0, 0, 0, 0, 0, 0, 0, 0, 0, 0, 0, 0, 0], [0, 0, 0, 0, 0, 0, 0, 0, 0, 0, 0, 0, 0, 0, 0, 0], [0, 0, 0, 0, 0, 0, 0, 0, 0, 0, 0, 0, 0, 0, 0, 0], [0, 0, 0, 0, 0, 0, 0, 0, 0, 0, 0, 0, 0, 0, 0, 0], [0, 0, 0, 0, 0, 0, 0, 0, 0, 0, 0, 0, 0, 0, 0, 0], [0, 0, 0, 0, 0, 0, 0, 0, 0, 0, 0, 0, 0, 0, 0, 0], [0, 0, 0, 0, 0, 0, 0, 0, 0, 0, 0, 0, 0, 0, 0, 0], [0, 0, 0, 0, 0, 0, 0, 0, 0, 0, 0, 0, 0, 0, 0, 0], [0, 0, 0, 0, 0, 0, 0, 0, 0, 0, 0, 0, 0, 0, 0, 0], [0, 0, 0, 0, 0, 0, 0, 0, 0, 0, 0, 0, 0, 0, 0, 0], [0, 0, 0, 0, 0, 0, 0, 0, 0, 0, 0, 0, 0, 0, 0, 0]]
[4, 13, 9, 6]->[3, 12, 14, 5]
[4, 13, 9, 6]->[3, 5, 15, 11]
[4, 13, 9, 6]->[8, 1, 11, 5]
[4, 13, 9, 6]->[5, 2, 10, 7]
dist[5][0] = 9
[4, 13, 9, 6]->[3, 12, 14, 5]
[4, 13, 9, 6]->[3, 5, 15, 11]
[4, 13, 9, 6]->[8, 1, 11, 5]
i (1) in vertices[9]
dist[5][1] = 2
[4, 13, 9, 6]->[3, 12, 14, 5]
[4, 13, 9, 6]->[3, 5, 15, 11]
[4, 13, 9, 6]->[8, 1, 11, 5]
[4, 13, 9, 6]->[5, 2, 10, 7]
i (2) in vertices[6]
dist[5][2] = 2
[4, 13, 9, 6]->[3, 12, 14, 5]
i (3) in vertices[4]
dist[5][3] = 2
dist[5][4] = 1
[4, 13, 9, 6]->[3, 12, 14, 5]
i (5) in vertices[4]
dist[5][5] = 2
dist[5][6] = 1
[4, 13, 9, 6]->[3, 12, 14, 5]
[4, 13, 9, 6]->[3, 5, 15, 11]
[4, 13, 9, 6]->[8, 1, 11, 5]
[4, 13, 9, 6]->[5, 2, 10, 7]
i (7) in vertices[6]
dist[5][7] = 2
[4, 13, 9, 6]->[3, 12, 14, 5]
[4, 13, 9, 6]->[3, 5, 15, 11]
[4, 13, 9, 6]->[8, 1, 11, 5]
i (8) in vertices[9]
dist[5][8] = 2
dist[5][9] = 1
[4, 13, 9, 6]->[3, 12, 14, 5]
[4, 13, 9, 6]->[3, 5, 15, 11]
[4, 13, 9, 6]->[8, 1, 11, 5]
[4, 13, 9, 6]->[5, 2, 10, 7]
i (10) in vertices[6]
dist[5][10] = 2
[4, 13, 9, 6]->[3, 12, 14, 5]
[4, 13, 9, 6]->[3, 5, 15, 11]
i (11) in vertices[13]
dist[5][11] = 2
[4, 13, 9, 6]->[3, 12, 14, 5]
i (12) in vertices[4]
dist[5][12] = 2
dist[5][13] = 1
[4, 13, 9, 6]->[3, 12, 14, 5]
i (14) in vertices[4]
dist[5][14] = 2
[4, 13, 9, 6]->[3, 12, 14, 5]
[4, 13, 9, 6]->[3, 5, 15, 11]
i (15) in vertices[13]
dist[5][15] = 2
[[1, 9, 9, 9, 9, 9, 9, 9, 9, 9, 9, 9, 9, 9, 9, 9], [9, 2, 1, 2, 2, 2, 2, 2, 2, 1, 2, 2, 2, 2, 1, 1], [9, 1, 2, 1, 2, 2, 1, 2, 2, 2, 2, 2, 1, 2, 2, 2], [9, 2, 1, 2, 1, 2, 2, 2, 1, 2, 2, 2, 2, 1, 2, 2], [9, 2, 2, 1, 2, 1, 2, 2, 2, 2, 2, 2, 1, 2, 1, 2], [9, 2, 2, 2, 1, 2, 1, 2, 2, 1, 2, 2, 2, 1, 2, 2], [0, 0, 0, 0, 0, 0, 0, 0, 0, 0, 0, 0, 0, 0, 0, 0], [0, 0, 0, 0, 0, 0, 0, 0, 0, 0, 0, 0, 0, 0, 0, 0], [0, 0, 0, 0, 0, 0, 0, 0, 0, 0, 0, 0, 0, 0, 0, 0], [0, 0, 0, 0, 0, 0, 0, 0, 0, 0, 0, 0, 0, 0, 0, 0], [0, 0, 0, 0, 0, 0, 0, 0, 0, 0, 0, 0, 0, 0, 0, 0], [0, 0, 0, 0, 0, 0, 0, 0, 0, 0, 0, 0, 0, 0, 0, 0], [0, 0, 0, 0, 0, 0, 0, 0, 0, 0, 0, 0, 0, 0, 0, 0], [0, 0, 0, 0, 0, 0, 0, 0, 0, 0, 0, 0, 0, 0, 0, 0], [0, 0, 0, 0, 0, 0, 0, 0, 0, 0, 0, 0, 0, 0, 0, 0], [0, 0, 0, 0, 0, 0, 0, 0, 0, 0, 0, 0, 0, 0, 0, 0]]
[5, 2, 10, 7]->[4, 13, 9, 6]
[5, 2, 10, 7]->[1, 12, 6, 3]
[5, 2, 10, 7]->[8, 6, 15, 12]
[5, 2, 10, 7]->[6, 14, 8, 11]
dist[6][0] = 9
[5, 2, 10, 7]->[4, 13, 9, 6]
[5, 2, 10, 7]->[1, 12, 6, 3]
i (1) in vertices[2]
dist[6][1] = 2
dist[6][2] = 1
[5, 2, 10, 7]->[4, 13, 9, 6]
[5, 2, 10, 7]->[1, 12, 6, 3]
i (3) in vertices[2]
dist[6][3] = 2
[5, 2, 10, 7]->[4, 13, 9, 6]
i (4) in vertices[5]
dist[6][4] = 2
dist[6][5] = 1
[5, 2, 10, 7]->[4, 13, 9, 6]
i (6) in vertices[5]
dist[6][6] = 2
dist[6][7] = 1
[5, 2, 10, 7]->[4, 13, 9, 6]
[5, 2, 10, 7]->[1, 12, 6, 3]
[5, 2, 10, 7]->[8, 6, 15, 12]
i (8) in vertices[10]
dist[6][8] = 2
[5, 2, 10, 7]->[4, 13, 9, 6]
i (9) in vertices[5]
dist[6][9] = 2
dist[6][10] = 1
[5, 2, 10, 7]->[4, 13, 9, 6]
[5, 2, 10, 7]->[1, 12, 6, 3]
[5, 2, 10, 7]->[8, 6, 15, 12]
[5, 2, 10, 7]->[6, 14, 8, 11]
i (11) in vertices[7]
dist[6][11] = 2
[5, 2, 10, 7]->[4, 13, 9, 6]
[5, 2, 10, 7]->[1, 12, 6, 3]
i (12) in vertices[2]
dist[6][12] = 2
[5, 2, 10, 7]->[4, 13, 9, 6]
i (13) in vertices[5]
dist[6][13] = 2
[5, 2, 10, 7]->[4, 13, 9, 6]
[5, 2, 10, 7]->[1, 12, 6, 3]
[5, 2, 10, 7]->[8, 6, 15, 12]
[5, 2, 10, 7]->[6, 14, 8, 11]
i (14) in vertices[7]
dist[6][14] = 2
[5, 2, 10, 7]->[4, 13, 9, 6]
[5, 2, 10, 7]->[1, 12, 6, 3]
[5, 2, 10, 7]->[8, 6, 15, 12]
i (15) in vertices[10]
dist[6][15] = 2
[[1, 9, 9, 9, 9, 9, 9, 9, 9, 9, 9, 9, 9, 9, 9, 9], [9, 2, 1, 2, 2, 2, 2, 2, 2, 1, 2, 2, 2, 2, 1, 1], [9, 1, 2, 1, 2, 2, 1, 2, 2, 2, 2, 2, 1, 2, 2, 2], [9, 2, 1, 2, 1, 2, 2, 2, 1, 2, 2, 2, 2, 1, 2, 2], [9, 2, 2, 1, 2, 1, 2, 2, 2, 2, 2, 2, 1, 2, 1, 2], [9, 2, 2, 2, 1, 2, 1, 2, 2, 1, 2, 2, 2, 1, 2, 2], [9, 2, 1, 2, 2, 1, 2, 1, 2, 2, 1, 2, 2, 2, 2, 2], [0, 0, 0, 0, 0, 0, 0, 0, 0, 0, 0, 0, 0, 0, 0, 0], [0, 0, 0, 0, 0, 0, 0, 0, 0, 0, 0, 0, 0, 0, 0, 0], [0, 0, 0, 0, 0, 0, 0, 0, 0, 0, 0, 0, 0, 0, 0, 0], [0, 0, 0, 0, 0, 0, 0, 0, 0, 0, 0, 0, 0, 0, 0, 0], [0, 0, 0, 0, 0, 0, 0, 0, 0, 0, 0, 0, 0, 0, 0, 0], [0, 0, 0, 0, 0, 0, 0, 0, 0, 0, 0, 0, 0, 0, 0, 0], [0, 0, 0, 0, 0, 0, 0, 0, 0, 0, 0, 0, 0, 0, 0, 0], [0, 0, 0, 0, 0, 0, 0, 0, 0, 0, 0, 0, 0, 0, 0, 0], [0, 0, 0, 0, 0, 0, 0, 0, 0, 0, 0, 0, 0, 0, 0, 0]]
[6, 14, 8, 11]->[5, 2, 10, 7]
[6, 14, 8, 11]->[4, 15, 1, 7]
[6, 14, 8, 11]->[7, 10, 3, 9]
[6, 14, 8, 11]->[9, 12, 13, 7]
dist[7][0] = 9
[6, 14, 8, 11]->[5, 2, 10, 7]
[6, 14, 8, 11]->[4, 15, 1, 7]
i (1) in vertices[14]
dist[7][1] = 2
[6, 14, 8, 11]->[5, 2, 10, 7]
i (2) in vertices[6]
dist[7][2] = 2
[6, 14, 8, 11]->[5, 2, 10, 7]
[6, 14, 8, 11]->[4, 15, 1, 7]
[6, 14, 8, 11]->[7, 10, 3, 9]
i (3) in vertices[8]
dist[7][3] = 2
[6, 14, 8, 11]->[5, 2, 10, 7]
[6, 14, 8, 11]->[4, 15, 1, 7]
i (4) in vertices[14]
dist[7][4] = 2
[6, 14, 8, 11]->[5, 2, 10, 7]
i (5) in vertices[6]
dist[7][5] = 2
dist[7][6] = 1
[6, 14, 8, 11]->[5, 2, 10, 7]
i (7) in vertices[6]
dist[7][7] = 2
dist[7][8] = 1
[6, 14, 8, 11]->[5, 2, 10, 7]
[6, 14, 8, 11]->[4, 15, 1, 7]
[6, 14, 8, 11]->[7, 10, 3, 9]
i (9) in vertices[8]
dist[7][9] = 2
[6, 14, 8, 11]->[5, 2, 10, 7]
i (10) in vertices[6]
dist[7][10] = 2
dist[7][11] = 1
[6, 14, 8, 11]->[5, 2, 10, 7]
[6, 14, 8, 11]->[4, 15, 1, 7]
[6, 14, 8, 11]->[7, 10, 3, 9]
[6, 14, 8, 11]->[9, 12, 13, 7]
i (12) in vertices[11]
dist[7][12] = 2
[6, 14, 8, 11]->[5, 2, 10, 7]
[6, 14, 8, 11]->[4, 15, 1, 7]
[6, 14, 8, 11]->[7, 10, 3, 9]
[6, 14, 8, 11]->[9, 12, 13, 7]
i (13) in vertices[11]
dist[7][13] = 2
dist[7][14] = 1
[6, 14, 8, 11]->[5, 2, 10, 7]
[6, 14, 8, 11]->[4, 15, 1, 7]
i (15) in vertices[14]
dist[7][15] = 2
[[1, 9, 9, 9, 9, 9, 9, 9, 9, 9, 9, 9, 9, 9, 9, 9], [9, 2, 1, 2, 2, 2, 2, 2, 2, 1, 2, 2, 2, 2, 1, 1], [9, 1, 2, 1, 2, 2, 1, 2, 2, 2, 2, 2, 1, 2, 2, 2], [9, 2, 1, 2, 1, 2, 2, 2, 1, 2, 2, 2, 2, 1, 2, 2], [9, 2, 2, 1, 2, 1, 2, 2, 2, 2, 2, 2, 1, 2, 1, 2], [9, 2, 2, 2, 1, 2, 1, 2, 2, 1, 2, 2, 2, 1, 2, 2], [9, 2, 1, 2, 2, 1, 2, 1, 2, 2, 1, 2, 2, 2, 2, 2], [9, 2, 2, 2, 2, 2, 1, 2, 1, 2, 2, 1, 2, 2, 1, 2], [0, 0, 0, 0, 0, 0, 0, 0, 0, 0, 0, 0, 0, 0, 0, 0], [0, 0, 0, 0, 0, 0, 0, 0, 0, 0, 0, 0, 0, 0, 0, 0], [0, 0, 0, 0, 0, 0, 0, 0, 0, 0, 0, 0, 0, 0, 0, 0], [0, 0, 0, 0, 0, 0, 0, 0, 0, 0, 0, 0, 0, 0, 0, 0], [0, 0, 0, 0, 0, 0, 0, 0, 0, 0, 0, 0, 0, 0, 0, 0], [0, 0, 0, 0, 0, 0, 0, 0, 0, 0, 0, 0, 0, 0, 0, 0], [0, 0, 0, 0, 0, 0, 0, 0, 0, 0, 0, 0, 0, 0, 0, 0], [0, 0, 0, 0, 0, 0, 0, 0, 0, 0, 0, 0, 0, 0, 0, 0]]
[7, 10, 3, 9]->[6, 14, 8, 11]
[7, 10, 3, 9]->[8, 6, 15, 12]
[7, 10, 3, 9]->[2, 4, 8, 13]
[7, 10, 3, 9]->[8, 1, 11, 5]
dist[8][0] = 9
[7, 10, 3, 9]->[6, 14, 8, 11]
[7, 10, 3, 9]->[8, 6, 15, 12]
[7, 10, 3, 9]->[2, 4, 8, 13]
[7, 10, 3, 9]->[8, 1, 11, 5]
i (1) in vertices[9]
dist[8][1] = 2
[7, 10, 3, 9]->[6, 14, 8, 11]
[7, 10, 3, 9]->[8, 6, 15, 12]
[7, 10, 3, 9]->[2, 4, 8, 13]
i (2) in vertices[3]
dist[8][2] = 2
dist[8][3] = 1
[7, 10, 3, 9]->[6, 14, 8, 11]
[7, 10, 3, 9]->[8, 6, 15, 12]
[7, 10, 3, 9]->[2, 4, 8, 13]
i (4) in vertices[3]
dist[8][4] = 2
[7, 10, 3, 9]->[6, 14, 8, 11]
[7, 10, 3, 9]->[8, 6, 15, 12]
[7, 10, 3, 9]->[2, 4, 8, 13]
[7, 10, 3, 9]->[8, 1, 11, 5]
i (5) in vertices[9]
dist[8][5] = 2
[7, 10, 3, 9]->[6, 14, 8, 11]
i (6) in vertices[7]
dist[8][6] = 2
dist[8][7] = 1
[7, 10, 3, 9]->[6, 14, 8, 11]
i (8) in vertices[7]
dist[8][8] = 2
dist[8][9] = 1
dist[8][10] = 1
[7, 10, 3, 9]->[6, 14, 8, 11]
i (11) in vertices[7]
dist[8][11] = 2
[7, 10, 3, 9]->[6, 14, 8, 11]
[7, 10, 3, 9]->[8, 6, 15, 12]
i (12) in vertices[10]
dist[8][12] = 2
[7, 10, 3, 9]->[6, 14, 8, 11]
[7, 10, 3, 9]->[8, 6, 15, 12]
[7, 10, 3, 9]->[2, 4, 8, 13]
i (13) in vertices[3]
dist[8][13] = 2
[7, 10, 3, 9]->[6, 14, 8, 11]
i (14) in vertices[7]
dist[8][14] = 2
[7, 10, 3, 9]->[6, 14, 8, 11]
[7, 10, 3, 9]->[8, 6, 15, 12]
i (15) in vertices[10]
dist[8][15] = 2
[[1, 9, 9, 9, 9, 9, 9, 9, 9, 9, 9, 9, 9, 9, 9, 9], [9, 2, 1, 2, 2, 2, 2, 2, 2, 1, 2, 2, 2, 2, 1, 1], [9, 1, 2, 1, 2, 2, 1, 2, 2, 2, 2, 2, 1, 2, 2, 2], [9, 2, 1, 2, 1, 2, 2, 2, 1, 2, 2, 2, 2, 1, 2, 2], [9, 2, 2, 1, 2, 1, 2, 2, 2, 2, 2, 2, 1, 2, 1, 2], [9, 2, 2, 2, 1, 2, 1, 2, 2, 1, 2, 2, 2, 1, 2, 2], [9, 2, 1, 2, 2, 1, 2, 1, 2, 2, 1, 2, 2, 2, 2, 2], [9, 2, 2, 2, 2, 2, 1, 2, 1, 2, 2, 1, 2, 2, 1, 2], [9, 2, 2, 1, 2, 2, 2, 1, 2, 1, 1, 2, 2, 2, 2, 2], [0, 0, 0, 0, 0, 0, 0, 0, 0, 0, 0, 0, 0, 0, 0, 0], [0, 0, 0, 0, 0, 0, 0, 0, 0, 0, 0, 0, 0, 0, 0, 0], [0, 0, 0, 0, 0, 0, 0, 0, 0, 0, 0, 0, 0, 0, 0, 0], [0, 0, 0, 0, 0, 0, 0, 0, 0, 0, 0, 0, 0, 0, 0, 0], [0, 0, 0, 0, 0, 0, 0, 0, 0, 0, 0, 0, 0, 0, 0, 0], [0, 0, 0, 0, 0, 0, 0, 0, 0, 0, 0, 0, 0, 0, 0, 0], [0, 0, 0, 0, 0, 0, 0, 0, 0, 0, 0, 0, 0, 0, 0, 0]]
[8, 1, 11, 5]->[7, 10, 3, 9]
[8, 1, 11, 5]->[2, 15, 14, 9]
[8, 1, 11, 5]->[9, 12, 13, 7]
[8, 1, 11, 5]->[4, 13, 9, 6]
dist[9][0] = 9
dist[9][1] = 1
[8, 1, 11, 5]->[7, 10, 3, 9]
[8, 1, 11, 5]->[2, 15, 14, 9]
i (2) in vertices[1]
dist[9][2] = 2
[8, 1, 11, 5]->[7, 10, 3, 9]
i (3) in vertices[8]
dist[9][3] = 2
[8, 1, 11, 5]->[7, 10, 3, 9]
[8, 1, 11, 5]->[2, 15, 14, 9]
[8, 1, 11, 5]->[9, 12, 13, 7]
[8, 1, 11, 5]->[4, 13, 9, 6]
i (4) in vertices[5]
dist[9][4] = 2
dist[9][5] = 1
[8, 1, 11, 5]->[7, 10, 3, 9]
[8, 1, 11, 5]->[2, 15, 14, 9]
[8, 1, 11, 5]->[9, 12, 13, 7]
[8, 1, 11, 5]->[4, 13, 9, 6]
i (6) in vertices[5]
dist[9][6] = 2
[8, 1, 11, 5]->[7, 10, 3, 9]
i (7) in vertices[8]
dist[9][7] = 2
dist[9][8] = 1
[8, 1, 11, 5]->[7, 10, 3, 9]
i (9) in vertices[8]
dist[9][9] = 2
[8, 1, 11, 5]->[7, 10, 3, 9]
i (10) in vertices[8]
dist[9][10] = 2
dist[9][11] = 1
[8, 1, 11, 5]->[7, 10, 3, 9]
[8, 1, 11, 5]->[2, 15, 14, 9]
[8, 1, 11, 5]->[9, 12, 13, 7]
i (12) in vertices[11]
dist[9][12] = 2
[8, 1, 11, 5]->[7, 10, 3, 9]
[8, 1, 11, 5]->[2, 15, 14, 9]
[8, 1, 11, 5]->[9, 12, 13, 7]
i (13) in vertices[11]
dist[9][13] = 2
[8, 1, 11, 5]->[7, 10, 3, 9]
[8, 1, 11, 5]->[2, 15, 14, 9]
i (14) in vertices[1]
dist[9][14] = 2
[8, 1, 11, 5]->[7, 10, 3, 9]
[8, 1, 11, 5]->[2, 15, 14, 9]
i (15) in vertices[1]
dist[9][15] = 2
[[1, 9, 9, 9, 9, 9, 9, 9, 9, 9, 9, 9, 9, 9, 9, 9], [9, 2, 1, 2, 2, 2, 2, 2, 2, 1, 2, 2, 2, 2, 1, 1], [9, 1, 2, 1, 2, 2, 1, 2, 2, 2, 2, 2, 1, 2, 2, 2], [9, 2, 1, 2, 1, 2, 2, 2, 1, 2, 2, 2, 2, 1, 2, 2], [9, 2, 2, 1, 2, 1, 2, 2, 2, 2, 2, 2, 1, 2, 1, 2], [9, 2, 2, 2, 1, 2, 1, 2, 2, 1, 2, 2, 2, 1, 2, 2], [9, 2, 1, 2, 2, 1, 2, 1, 2, 2, 1, 2, 2, 2, 2, 2], [9, 2, 2, 2, 2, 2, 1, 2, 1, 2, 2, 1, 2, 2, 1, 2], [9, 2, 2, 1, 2, 2, 2, 1, 2, 1, 1, 2, 2, 2, 2, 2], [9, 1, 2, 2, 2, 1, 2, 2, 1, 2, 2, 1, 2, 2, 2, 2], [0, 0, 0, 0, 0, 0, 0, 0, 0, 0, 0, 0, 0, 0, 0, 0], [0, 0, 0, 0, 0, 0, 0, 0, 0, 0, 0, 0, 0, 0, 0, 0], [0, 0, 0, 0, 0, 0, 0, 0, 0, 0, 0, 0, 0, 0, 0, 0], [0, 0, 0, 0, 0, 0, 0, 0, 0, 0, 0, 0, 0, 0, 0, 0], [0, 0, 0, 0, 0, 0, 0, 0, 0, 0, 0, 0, 0, 0, 0, 0], [0, 0, 0, 0, 0, 0, 0, 0, 0, 0, 0, 0, 0, 0, 0, 0]]
[8, 6, 15, 12]->[7, 10, 3, 9]
[8, 6, 15, 12]->[5, 2, 10, 7]
[8, 6, 15, 12]->[10, 14, 13, 1]
[8, 6, 15, 12]->[2, 4, 10, 11]
dist[10][0] = 9
[8, 6, 15, 12]->[7, 10, 3, 9]
[8, 6, 15, 12]->[5, 2, 10, 7]
[8, 6, 15, 12]->[10, 14, 13, 1]
i (1) in vertices[15]
dist[10][1] = 2
[8, 6, 15, 12]->[7, 10, 3, 9]
[8, 6, 15, 12]->[5, 2, 10, 7]
i (2) in vertices[6]
dist[10][2] = 2
[8, 6, 15, 12]->[7, 10, 3, 9]
i (3) in vertices[8]
dist[10][3] = 2
[8, 6, 15, 12]->[7, 10, 3, 9]
[8, 6, 15, 12]->[5, 2, 10, 7]
[8, 6, 15, 12]->[10, 14, 13, 1]
[8, 6, 15, 12]->[2, 4, 10, 11]
i (4) in vertices[12]
dist[10][4] = 2
[8, 6, 15, 12]->[7, 10, 3, 9]
[8, 6, 15, 12]->[5, 2, 10, 7]
i (5) in vertices[6]
dist[10][5] = 2
dist[10][6] = 1
[8, 6, 15, 12]->[7, 10, 3, 9]
i (7) in vertices[8]
dist[10][7] = 2
dist[10][8] = 1
[8, 6, 15, 12]->[7, 10, 3, 9]
i (9) in vertices[8]
dist[10][9] = 2
[8, 6, 15, 12]->[7, 10, 3, 9]
i (10) in vertices[8]
dist[10][10] = 2
[8, 6, 15, 12]->[7, 10, 3, 9]
[8, 6, 15, 12]->[5, 2, 10, 7]
[8, 6, 15, 12]->[10, 14, 13, 1]
[8, 6, 15, 12]->[2, 4, 10, 11]
i (11) in vertices[12]
dist[10][11] = 2
dist[10][12] = 1
[8, 6, 15, 12]->[7, 10, 3, 9]
[8, 6, 15, 12]->[5, 2, 10, 7]
[8, 6, 15, 12]->[10, 14, 13, 1]
i (13) in vertices[15]
dist[10][13] = 2
[8, 6, 15, 12]->[7, 10, 3, 9]
[8, 6, 15, 12]->[5, 2, 10, 7]
[8, 6, 15, 12]->[10, 14, 13, 1]
i (14) in vertices[15]
dist[10][14] = 2
dist[10][15] = 1
[[1, 9, 9, 9, 9, 9, 9, 9, 9, 9, 9, 9, 9, 9, 9, 9], [9, 2, 1, 2, 2, 2, 2, 2, 2, 1, 2, 2, 2, 2, 1, 1], [9, 1, 2, 1, 2, 2, 1, 2, 2, 2, 2, 2, 1, 2, 2, 2], [9, 2, 1, 2, 1, 2, 2, 2, 1, 2, 2, 2, 2, 1, 2, 2], [9, 2, 2, 1, 2, 1, 2, 2, 2, 2, 2, 2, 1, 2, 1, 2], [9, 2, 2, 2, 1, 2, 1, 2, 2, 1, 2, 2, 2, 1, 2, 2], [9, 2, 1, 2, 2, 1, 2, 1, 2, 2, 1, 2, 2, 2, 2, 2], [9, 2, 2, 2, 2, 2, 1, 2, 1, 2, 2, 1, 2, 2, 1, 2], [9, 2, 2, 1, 2, 2, 2, 1, 2, 1, 1, 2, 2, 2, 2, 2], [9, 1, 2, 2, 2, 1, 2, 2, 1, 2, 2, 1, 2, 2, 2, 2], [9, 2, 2, 2, 2, 2, 1, 2, 1, 2, 2, 2, 1, 2, 2, 1], [0, 0, 0, 0, 0, 0, 0, 0, 0, 0, 0, 0, 0, 0, 0, 0], [0, 0, 0, 0, 0, 0, 0, 0, 0, 0, 0, 0, 0, 0, 0, 0], [0, 0, 0, 0, 0, 0, 0, 0, 0, 0, 0, 0, 0, 0, 0, 0], [0, 0, 0, 0, 0, 0, 0, 0, 0, 0, 0, 0, 0, 0, 0, 0], [0, 0, 0, 0, 0, 0, 0, 0, 0, 0, 0, 0, 0, 0, 0, 0]]
[9, 12, 13, 7]->[8, 1, 11, 5]
[9, 12, 13, 7]->[2, 4, 10, 11]
[9, 12, 13, 7]->[3, 5, 15, 11]
[9, 12, 13, 7]->[6, 14, 8, 11]
dist[11][0] = 9
[9, 12, 13, 7]->[8, 1, 11, 5]
i (1) in vertices[9]
dist[11][1] = 2
[9, 12, 13, 7]->[8, 1, 11, 5]
[9, 12, 13, 7]->[2, 4, 10, 11]
i (2) in vertices[12]
dist[11][2] = 2
[9, 12, 13, 7]->[8, 1, 11, 5]
[9, 12, 13, 7]->[2, 4, 10, 11]
[9, 12, 13, 7]->[3, 5, 15, 11]
i (3) in vertices[13]
dist[11][3] = 2
[9, 12, 13, 7]->[8, 1, 11, 5]
[9, 12, 13, 7]->[2, 4, 10, 11]
i (4) in vertices[12]
dist[11][4] = 2
[9, 12, 13, 7]->[8, 1, 11, 5]
i (5) in vertices[9]
dist[11][5] = 2
[9, 12, 13, 7]->[8, 1, 11, 5]
[9, 12, 13, 7]->[2, 4, 10, 11]
[9, 12, 13, 7]->[3, 5, 15, 11]
[9, 12, 13, 7]->[6, 14, 8, 11]
i (6) in vertices[7]
dist[11][6] = 2
dist[11][7] = 1
[9, 12, 13, 7]->[8, 1, 11, 5]
i (8) in vertices[9]
dist[11][8] = 2
dist[11][9] = 1
[9, 12, 13, 7]->[8, 1, 11, 5]
[9, 12, 13, 7]->[2, 4, 10, 11]
i (10) in vertices[12]
dist[11][10] = 2
[9, 12, 13, 7]->[8, 1, 11, 5]
i (11) in vertices[9]
dist[11][11] = 2
dist[11][12] = 1
dist[11][13] = 1
[9, 12, 13, 7]->[8, 1, 11, 5]
[9, 12, 13, 7]->[2, 4, 10, 11]
[9, 12, 13, 7]->[3, 5, 15, 11]
[9, 12, 13, 7]->[6, 14, 8, 11]
i (14) in vertices[7]
dist[11][14] = 2
[9, 12, 13, 7]->[8, 1, 11, 5]
[9, 12, 13, 7]->[2, 4, 10, 11]
[9, 12, 13, 7]->[3, 5, 15, 11]
i (15) in vertices[13]
dist[11][15] = 2
[[1, 9, 9, 9, 9, 9, 9, 9, 9, 9, 9, 9, 9, 9, 9, 9], [9, 2, 1, 2, 2, 2, 2, 2, 2, 1, 2, 2, 2, 2, 1, 1], [9, 1, 2, 1, 2, 2, 1, 2, 2, 2, 2, 2, 1, 2, 2, 2], [9, 2, 1, 2, 1, 2, 2, 2, 1, 2, 2, 2, 2, 1, 2, 2], [9, 2, 2, 1, 2, 1, 2, 2, 2, 2, 2, 2, 1, 2, 1, 2], [9, 2, 2, 2, 1, 2, 1, 2, 2, 1, 2, 2, 2, 1, 2, 2], [9, 2, 1, 2, 2, 1, 2, 1, 2, 2, 1, 2, 2, 2, 2, 2], [9, 2, 2, 2, 2, 2, 1, 2, 1, 2, 2, 1, 2, 2, 1, 2], [9, 2, 2, 1, 2, 2, 2, 1, 2, 1, 1, 2, 2, 2, 2, 2], [9, 1, 2, 2, 2, 1, 2, 2, 1, 2, 2, 1, 2, 2, 2, 2], [9, 2, 2, 2, 2, 2, 1, 2, 1, 2, 2, 2, 1, 2, 2, 1], [9, 2, 2, 2, 2, 2, 2, 1, 2, 1, 2, 2, 1, 1, 2, 2], [0, 0, 0, 0, 0, 0, 0, 0, 0, 0, 0, 0, 0, 0, 0, 0], [0, 0, 0, 0, 0, 0, 0, 0, 0, 0, 0, 0, 0, 0, 0, 0], [0, 0, 0, 0, 0, 0, 0, 0, 0, 0, 0, 0, 0, 0, 0, 0], [0, 0, 0, 0, 0, 0, 0, 0, 0, 0, 0, 0, 0, 0, 0, 0]]
[2, 4, 10, 11]->[1, 12, 6, 3]
[2, 4, 10, 11]->[3, 12, 14, 5]
[2, 4, 10, 11]->[8, 6, 15, 12]
[2, 4, 10, 11]->[9, 12, 13, 7]
dist[12][0] = 9
[2, 4, 10, 11]->[1, 12, 6, 3]
i (1) in vertices[2]
dist[12][1] = 2
dist[12][2] = 1
[2, 4, 10, 11]->[1, 12, 6, 3]
i (3) in vertices[2]
dist[12][3] = 2
dist[12][4] = 1
[2, 4, 10, 11]->[1, 12, 6, 3]
[2, 4, 10, 11]->[3, 12, 14, 5]
i (5) in vertices[4]
dist[12][5] = 2
[2, 4, 10, 11]->[1, 12, 6, 3]
i (6) in vertices[2]
dist[12][6] = 2
[2, 4, 10, 11]->[1, 12, 6, 3]
[2, 4, 10, 11]->[3, 12, 14, 5]
[2, 4, 10, 11]->[8, 6, 15, 12]
[2, 4, 10, 11]->[9, 12, 13, 7]
i (7) in vertices[11]
dist[12][7] = 2
[2, 4, 10, 11]->[1, 12, 6, 3]
[2, 4, 10, 11]->[3, 12, 14, 5]
[2, 4, 10, 11]->[8, 6, 15, 12]
i (8) in vertices[10]
dist[12][8] = 2
[2, 4, 10, 11]->[1, 12, 6, 3]
[2, 4, 10, 11]->[3, 12, 14, 5]
[2, 4, 10, 11]->[8, 6, 15, 12]
[2, 4, 10, 11]->[9, 12, 13, 7]
i (9) in vertices[11]
dist[12][9] = 2
dist[12][10] = 1
dist[12][11] = 1
[2, 4, 10, 11]->[1, 12, 6, 3]
i (12) in vertices[2]
dist[12][12] = 2
[2, 4, 10, 11]->[1, 12, 6, 3]
[2, 4, 10, 11]->[3, 12, 14, 5]
[2, 4, 10, 11]->[8, 6, 15, 12]
[2, 4, 10, 11]->[9, 12, 13, 7]
i (13) in vertices[11]
dist[12][13] = 2
[2, 4, 10, 11]->[1, 12, 6, 3]
[2, 4, 10, 11]->[3, 12, 14, 5]
i (14) in vertices[4]
dist[12][14] = 2
[2, 4, 10, 11]->[1, 12, 6, 3]
[2, 4, 10, 11]->[3, 12, 14, 5]
[2, 4, 10, 11]->[8, 6, 15, 12]
i (15) in vertices[10]
dist[12][15] = 2
[[1, 9, 9, 9, 9, 9, 9, 9, 9, 9, 9, 9, 9, 9, 9, 9], [9, 2, 1, 2, 2, 2, 2, 2, 2, 1, 2, 2, 2, 2, 1, 1], [9, 1, 2, 1, 2, 2, 1, 2, 2, 2, 2, 2, 1, 2, 2, 2], [9, 2, 1, 2, 1, 2, 2, 2, 1, 2, 2, 2, 2, 1, 2, 2], [9, 2, 2, 1, 2, 1, 2, 2, 2, 2, 2, 2, 1, 2, 1, 2], [9, 2, 2, 2, 1, 2, 1, 2, 2, 1, 2, 2, 2, 1, 2, 2], [9, 2, 1, 2, 2, 1, 2, 1, 2, 2, 1, 2, 2, 2, 2, 2], [9, 2, 2, 2, 2, 2, 1, 2, 1, 2, 2, 1, 2, 2, 1, 2], [9, 2, 2, 1, 2, 2, 2, 1, 2, 1, 1, 2, 2, 2, 2, 2], [9, 1, 2, 2, 2, 1, 2, 2, 1, 2, 2, 1, 2, 2, 2, 2], [9, 2, 2, 2, 2, 2, 1, 2, 1, 2, 2, 2, 1, 2, 2, 1], [9, 2, 2, 2, 2, 2, 2, 1, 2, 1, 2, 2, 1, 1, 2, 2], [9, 2, 1, 2, 1, 2, 2, 2, 2, 2, 1, 1, 2, 2, 2, 2], [0, 0, 0, 0, 0, 0, 0, 0, 0, 0, 0, 0, 0, 0, 0, 0], [0, 0, 0, 0, 0, 0, 0, 0, 0, 0, 0, 0, 0, 0, 0, 0], [0, 0, 0, 0, 0, 0, 0, 0, 0, 0, 0, 0, 0, 0, 0, 0]]
[3, 5, 15, 11]->[2, 4, 8, 13]
[3, 5, 15, 11]->[4, 13, 9, 6]
[3, 5, 15, 11]->[10, 14, 13, 1]
[3, 5, 15, 11]->[9, 12, 13, 7]
dist[13][0] = 9
[3, 5, 15, 11]->[2, 4, 8, 13]
[3, 5, 15, 11]->[4, 13, 9, 6]
[3, 5, 15, 11]->[10, 14, 13, 1]
i (1) in vertices[15]
dist[13][1] = 2
[3, 5, 15, 11]->[2, 4, 8, 13]
i (2) in vertices[3]
dist[13][2] = 2
dist[13][3] = 1
[3, 5, 15, 11]->[2, 4, 8, 13]
i (4) in vertices[3]
dist[13][4] = 2
dist[13][5] = 1
[3, 5, 15, 11]->[2, 4, 8, 13]
[3, 5, 15, 11]->[4, 13, 9, 6]
i (6) in vertices[5]
dist[13][6] = 2
[3, 5, 15, 11]->[2, 4, 8, 13]
[3, 5, 15, 11]->[4, 13, 9, 6]
[3, 5, 15, 11]->[10, 14, 13, 1]
[3, 5, 15, 11]->[9, 12, 13, 7]
i (7) in vertices[11]
dist[13][7] = 2
[3, 5, 15, 11]->[2, 4, 8, 13]
i (8) in vertices[3]
dist[13][8] = 2
[3, 5, 15, 11]->[2, 4, 8, 13]
[3, 5, 15, 11]->[4, 13, 9, 6]
i (9) in vertices[5]
dist[13][9] = 2
[3, 5, 15, 11]->[2, 4, 8, 13]
[3, 5, 15, 11]->[4, 13, 9, 6]
[3, 5, 15, 11]->[10, 14, 13, 1]
i (10) in vertices[15]
dist[13][10] = 2
dist[13][11] = 1
[3, 5, 15, 11]->[2, 4, 8, 13]
[3, 5, 15, 11]->[4, 13, 9, 6]
[3, 5, 15, 11]->[10, 14, 13, 1]
[3, 5, 15, 11]->[9, 12, 13, 7]
i (12) in vertices[11]
dist[13][12] = 2
[3, 5, 15, 11]->[2, 4, 8, 13]
i (13) in vertices[3]
dist[13][13] = 2
[3, 5, 15, 11]->[2, 4, 8, 13]
[3, 5, 15, 11]->[4, 13, 9, 6]
[3, 5, 15, 11]->[10, 14, 13, 1]
i (14) in vertices[15]
dist[13][14] = 2
dist[13][15] = 1
[[1, 9, 9, 9, 9, 9, 9, 9, 9, 9, 9, 9, 9, 9, 9, 9], [9, 2, 1, 2, 2, 2, 2, 2, 2, 1, 2, 2, 2, 2, 1, 1], [9, 1, 2, 1, 2, 2, 1, 2, 2, 2, 2, 2, 1, 2, 2, 2], [9, 2, 1, 2, 1, 2, 2, 2, 1, 2, 2, 2, 2, 1, 2, 2], [9, 2, 2, 1, 2, 1, 2, 2, 2, 2, 2, 2, 1, 2, 1, 2], [9, 2, 2, 2, 1, 2, 1, 2, 2, 1, 2, 2, 2, 1, 2, 2], [9, 2, 1, 2, 2, 1, 2, 1, 2, 2, 1, 2, 2, 2, 2, 2], [9, 2, 2, 2, 2, 2, 1, 2, 1, 2, 2, 1, 2, 2, 1, 2], [9, 2, 2, 1, 2, 2, 2, 1, 2, 1, 1, 2, 2, 2, 2, 2], [9, 1, 2, 2, 2, 1, 2, 2, 1, 2, 2, 1, 2, 2, 2, 2], [9, 2, 2, 2, 2, 2, 1, 2, 1, 2, 2, 2, 1, 2, 2, 1], [9, 2, 2, 2, 2, 2, 2, 1, 2, 1, 2, 2, 1, 1, 2, 2], [9, 2, 1, 2, 1, 2, 2, 2, 2, 2, 1, 1, 2, 2, 2, 2], [9, 2, 2, 1, 2, 1, 2, 2, 2, 2, 2, 1, 2, 2, 2, 1], [0, 0, 0, 0, 0, 0, 0, 0, 0, 0, 0, 0, 0, 0, 0, 0], [0, 0, 0, 0, 0, 0, 0, 0, 0, 0, 0, 0, 0, 0, 0, 0]]
[4, 15, 1, 7]->[3, 12, 14, 5]
[4, 15, 1, 7]->[10, 14, 13, 1]
[4, 15, 1, 7]->[2, 15, 14, 9]
[4, 15, 1, 7]->[6, 14, 8, 11]
dist[14][0] = 9
dist[14][1] = 1
[4, 15, 1, 7]->[3, 12, 14, 5]
[4, 15, 1, 7]->[10, 14, 13, 1]
[4, 15, 1, 7]->[2, 15, 14, 9]
i (2) in vertices[1]
dist[14][2] = 2
[4, 15, 1, 7]->[3, 12, 14, 5]
i (3) in vertices[4]
dist[14][3] = 2
dist[14][4] = 1
[4, 15, 1, 7]->[3, 12, 14, 5]
i (5) in vertices[4]
dist[14][5] = 2
[4, 15, 1, 7]->[3, 12, 14, 5]
[4, 15, 1, 7]->[10, 14, 13, 1]
[4, 15, 1, 7]->[2, 15, 14, 9]
[4, 15, 1, 7]->[6, 14, 8, 11]
i (6) in vertices[7]
dist[14][6] = 2
dist[14][7] = 1
[4, 15, 1, 7]->[3, 12, 14, 5]
[4, 15, 1, 7]->[10, 14, 13, 1]
[4, 15, 1, 7]->[2, 15, 14, 9]
[4, 15, 1, 7]->[6, 14, 8, 11]
i (8) in vertices[7]
dist[14][8] = 2
[4, 15, 1, 7]->[3, 12, 14, 5]
[4, 15, 1, 7]->[10, 14, 13, 1]
[4, 15, 1, 7]->[2, 15, 14, 9]
i (9) in vertices[1]
dist[14][9] = 2
[4, 15, 1, 7]->[3, 12, 14, 5]
[4, 15, 1, 7]->[10, 14, 13, 1]
i (10) in vertices[15]
dist[14][10] = 2
[4, 15, 1, 7]->[3, 12, 14, 5]
[4, 15, 1, 7]->[10, 14, 13, 1]
[4, 15, 1, 7]->[2, 15, 14, 9]
[4, 15, 1, 7]->[6, 14, 8, 11]
i (11) in vertices[7]
dist[14][11] = 2
[4, 15, 1, 7]->[3, 12, 14, 5]
i (12) in vertices[4]
dist[14][12] = 2
[4, 15, 1, 7]->[3, 12, 14, 5]
[4, 15, 1, 7]->[10, 14, 13, 1]
i (13) in vertices[15]
dist[14][13] = 2
[4, 15, 1, 7]->[3, 12, 14, 5]
i (14) in vertices[4]
dist[14][14] = 2
dist[14][15] = 1
[[1, 9, 9, 9, 9, 9, 9, 9, 9, 9, 9, 9, 9, 9, 9, 9], [9, 2, 1, 2, 2, 2, 2, 2, 2, 1, 2, 2, 2, 2, 1, 1], [9, 1, 2, 1, 2, 2, 1, 2, 2, 2, 2, 2, 1, 2, 2, 2], [9, 2, 1, 2, 1, 2, 2, 2, 1, 2, 2, 2, 2, 1, 2, 2], [9, 2, 2, 1, 2, 1, 2, 2, 2, 2, 2, 2, 1, 2, 1, 2], [9, 2, 2, 2, 1, 2, 1, 2, 2, 1, 2, 2, 2, 1, 2, 2], [9, 2, 1, 2, 2, 1, 2, 1, 2, 2, 1, 2, 2, 2, 2, 2], [9, 2, 2, 2, 2, 2, 1, 2, 1, 2, 2, 1, 2, 2, 1, 2], [9, 2, 2, 1, 2, 2, 2, 1, 2, 1, 1, 2, 2, 2, 2, 2], [9, 1, 2, 2, 2, 1, 2, 2, 1, 2, 2, 1, 2, 2, 2, 2], [9, 2, 2, 2, 2, 2, 1, 2, 1, 2, 2, 2, 1, 2, 2, 1], [9, 2, 2, 2, 2, 2, 2, 1, 2, 1, 2, 2, 1, 1, 2, 2], [9, 2, 1, 2, 1, 2, 2, 2, 2, 2, 1, 1, 2, 2, 2, 2], [9, 2, 2, 1, 2, 1, 2, 2, 2, 2, 2, 1, 2, 2, 2, 1], [9, 1, 2, 2, 1, 2, 2, 1, 2, 2, 2, 2, 2, 2, 2, 1], [0, 0, 0, 0, 0, 0, 0, 0, 0, 0, 0, 0, 0, 0, 0, 0]]
[10, 14, 13, 1]->[8, 6, 15, 12]
[10, 14, 13, 1]->[4, 15, 1, 7]
[10, 14, 13, 1]->[3, 5, 15, 11]
[10, 14, 13, 1]->[2, 15, 14, 9]
dist[15][0] = 9
dist[15][1] = 1
[10, 14, 13, 1]->[8, 6, 15, 12]
[10, 14, 13, 1]->[4, 15, 1, 7]
[10, 14, 13, 1]->[3, 5, 15, 11]
[10, 14, 13, 1]->[2, 15, 14, 9]
i (2) in vertices[1]
dist[15][2] = 2
[10, 14, 13, 1]->[8, 6, 15, 12]
[10, 14, 13, 1]->[4, 15, 1, 7]
[10, 14, 13, 1]->[3, 5, 15, 11]
i (3) in vertices[13]
dist[15][3] = 2
[10, 14, 13, 1]->[8, 6, 15, 12]
[10, 14, 13, 1]->[4, 15, 1, 7]
i (4) in vertices[14]
dist[15][4] = 2
[10, 14, 13, 1]->[8, 6, 15, 12]
[10, 14, 13, 1]->[4, 15, 1, 7]
[10, 14, 13, 1]->[3, 5, 15, 11]
i (5) in vertices[13]
dist[15][5] = 2
[10, 14, 13, 1]->[8, 6, 15, 12]
i (6) in vertices[10]
dist[15][6] = 2
[10, 14, 13, 1]->[8, 6, 15, 12]
[10, 14, 13, 1]->[4, 15, 1, 7]
i (7) in vertices[14]
dist[15][7] = 2
[10, 14, 13, 1]->[8, 6, 15, 12]
i (8) in vertices[10]
dist[15][8] = 2
[10, 14, 13, 1]->[8, 6, 15, 12]
[10, 14, 13, 1]->[4, 15, 1, 7]
[10, 14, 13, 1]->[3, 5, 15, 11]
[10, 14, 13, 1]->[2, 15, 14, 9]
i (9) in vertices[1]
dist[15][9] = 2
dist[15][10] = 1
[10, 14, 13, 1]->[8, 6, 15, 12]
[10, 14, 13, 1]->[4, 15, 1, 7]
[10, 14, 13, 1]->[3, 5, 15, 11]
i (11) in vertices[13]
dist[15][11] = 2
[10, 14, 13, 1]->[8, 6, 15, 12]
i (12) in vertices[10]
dist[15][12] = 2
dist[15][13] = 1
dist[15][14] = 1
[10, 14, 13, 1]->[8, 6, 15, 12]
i (15) in vertices[10]
dist[15][15] = 2
[[1, 9, 9, 9, 9, 9, 9, 9, 9, 9, 9, 9, 9, 9, 9, 9], [9, 2, 1, 2, 2, 2, 2, 2, 2, 1, 2, 2, 2, 2, 1, 1], [9, 1, 2, 1, 2, 2, 1, 2, 2, 2, 2, 2, 1, 2, 2, 2], [9, 2, 1, 2, 1, 2, 2, 2, 1, 2, 2, 2, 2, 1, 2, 2], [9, 2, 2, 1, 2, 1, 2, 2, 2, 2, 2, 2, 1, 2, 1, 2], [9, 2, 2, 2, 1, 2, 1, 2, 2, 1, 2, 2, 2, 1, 2, 2], [9, 2, 1, 2, 2, 1, 2, 1, 2, 2, 1, 2, 2, 2, 2, 2], [9, 2, 2, 2, 2, 2, 1, 2, 1, 2, 2, 1, 2, 2, 1, 2], [9, 2, 2, 1, 2, 2, 2, 1, 2, 1, 1, 2, 2, 2, 2, 2], [9, 1, 2, 2, 2, 1, 2, 2, 1, 2, 2, 1, 2, 2, 2, 2], [9, 2, 2, 2, 2, 2, 1, 2, 1, 2, 2, 2, 1, 2, 2, 1], [9, 2, 2, 2, 2, 2, 2, 1, 2, 1, 2, 2, 1, 1, 2, 2], [9, 2, 1, 2, 1, 2, 2, 2, 2, 2, 1, 1, 2, 2, 2, 2], [9, 2, 2, 1, 2, 1, 2, 2, 2, 2, 2, 1, 2, 2, 2, 1], [9, 1, 2, 2, 1, 2, 2, 1, 2, 2, 2, 2, 2, 2, 2, 1], [9, 1, 2, 2, 2, 2, 2, 2, 2, 2, 1, 2, 2, 1, 1, 2]]
[[1, 9, 9, 9, 9, 9, 9, 9, 9, 9, 9, 9, 9, 9, 9, 9], [9, 2, 1, 2, 2, 2, 2, 2, 2, 1, 2, 2, 2, 2, 1, 1], [9, 1, 2, 1, 2, 2, 1, 2, 2, 2, 2, 2, 1, 2, 2, 2], [9, 2, 1, 2, 1, 2, 2, 2, 1, 2, 2, 2, 2, 1, 2, 2], [9, 2, 2, 1, 2, 1, 2, 2, 2, 2, 2, 2, 1, 2, 1, 2], [9, 2, 2, 2, 1, 2, 1, 2, 2, 1, 2, 2, 2, 1, 2, 2], [9, 2, 1, 2, 2, 1, 2, 1, 2, 2, 1, 2, 2, 2, 2, 2], [9, 2, 2, 2, 2, 2, 1, 2, 1, 2, 2, 1, 2, 2, 1, 2], [9, 2, 2, 1, 2, 2, 2, 1, 2, 1, 1, 2, 2, 2, 2, 2], [9, 1, 2, 2, 2, 1, 2, 2, 1, 2, 2, 1, 2, 2, 2, 2], [9, 2, 2, 2, 2, 2, 1, 2, 1, 2, 2, 2, 1, 2, 2, 1], [9, 2, 2, 2, 2, 2, 2, 1, 2, 1, 2, 2, 1, 1, 2, 2], [9, 2, 1, 2, 1, 2, 2, 2, 2, 2, 1, 1, 2, 2, 2, 2], [9, 2, 2, 1, 2, 1, 2, 2, 2, 2, 2, 1, 2, 2, 2, 1], [9, 1, 2, 2, 1, 2, 2, 1, 2, 2, 2, 2, 2, 2, 2, 1], [9, 1, 2, 2, 2, 2, 2, 2, 2, 2, 1, 2, 2, 1, 1, 2]]
